
[32;1m NPM(K)    PM(M)      WS(M)     CPU(s)      Id  SI ProcessName[0m
[32;1m ------    -----      -----     ------      --  -- -----------[0m
     22     9.11       9.59       0.28    3048   1 AcrobatNotificationClient
     23     9.13      11.40       0.36   15084   1 AcrobatNotificationClient
     18     4.18      14.70       0.27    6756   1 acrotray
     25    11.64      26.22      12.19   11472   1 Adobe CEF Helper
     31    47.17      85.82     243.52   11484   1 Adobe CEF Helper
     30    39.31      52.99      13.95   11492   1 Adobe CEF Helper
     23    12.99      26.09       4.41   13440   1 Adobe CEF Helper
     88    98.38      68.00      47.14   11352   1 Adobe Desktop Service
     16     4.14      12.02       0.83   11008   1 AdobeCollabSync
     20     6.14      14.34      43.16   11044   1 AdobeCollabSync
     15     4.14      11.91       0.97   11140   1 AdobeCollabSync
     20     6.41      15.39      43.84   11176   1 AdobeCollabSync
     21     5.15      11.61      19.83    7764   1 AdobeIPCBroker
     23     8.86       4.53       0.30    3592   1 AdobeNotificationClient
     13     2.64       9.17       0.00    3936   0 AdobeUpdateService
     14     3.79      12.16       0.00    3912   0 AGMService
     13     3.89      12.32       0.00    3932   0 AGSService
     19     9.04      24.33       0.12    1604   1 ApplicationFrameHost
      8     1.55       6.06       0.00    3612   0 armsvc
      4     0.58       2.70       0.02   13072   1 CCLibrary
      4     0.59       2.59       0.00    4548   1 CCXProcess
     19    48.42      57.85       4.16     952   1 chrome
     20    53.38      66.68       6.44    1160   1 chrome
     16    20.82      45.98      20.33    2064   1 chrome
     23   162.34     202.85      61.53    2080   1 chrome
     17    21.21      47.09       0.58    2700   1 chrome
     19    30.25      56.11       3.34    2716   1 chrome
     23    67.76      69.90      41.34    2964   1 chrome
     17    31.98      47.92       2.81    3312   1 chrome
     18    39.92      71.78       6.16    3676   1 chrome
     20    50.19      61.58       4.95    3864   1 chrome
     18    40.83      74.40       5.66    4144   1 chrome
     17    44.88      76.84      13.53    4212   1 chrome
     78   672.32     420.99     405.92    4344   1 chrome
     19    38.02      79.14       9.36    4456   1 chrome
     16    18.90      38.42       1.03    4652   1 chrome
      9     2.15       6.83       0.27    4744   1 chrome
     17    53.96      59.64      27.78    4760   1 chrome
     18    62.43      95.57      13.56    5560   1 chrome
     27    35.55      54.95     124.72    5740   1 chrome
     16    18.86      39.58       0.73    5892   1 chrome
     18    46.91      83.20       3.59    5980   1 chrome
     16    19.23      38.63       1.06    6356   1 chrome
    142   277.95     299.27     778.73    6380   1 chrome
     16    19.02      38.60       0.89    6384   1 chrome
     18    29.60      70.41       7.23    6652   1 chrome
     16    18.90      39.39       0.98    6864   1 chrome
     21   147.28     186.86      75.83    7200   1 chrome
     19    55.44      62.30       4.62    7456   1 chrome
     16    19.05      39.87       1.03    7496   1 chrome
     17    35.45      64.74       5.48    7724   1 chrome
     13    10.57      18.69      13.55    7732   1 chrome
     22   100.08     152.09     231.36    7776   1 chrome
     19    57.19      66.94     124.41    8716   1 chrome
     20    48.21      63.13       3.12    8984   1 chrome
     16    20.22      39.91       1.14    9056   1 chrome
     19    46.26      64.11       6.11    9188   1 chrome
     21    64.13      67.61      14.53    9664   1 chrome
     16    21.02      38.78       1.12   10148   1 chrome
     17    25.00      56.07       1.75   10332   1 chrome
     19    85.49     116.51      65.47   11000   1 chrome
     16    20.42      42.17       1.69   11084   1 chrome
     19    55.18      92.35      23.08   11368   1 chrome
     18    39.00      55.82       3.45   11404   1 chrome
     16    16.49      37.03       0.86   11416   1 chrome
     16    18.64      39.50       1.59   11512   1 chrome
     17    17.41      40.98       0.89   11564   1 chrome
     17    32.84      62.22       8.64   11660   1 chrome
     16   139.25      45.47      11.83   11716   1 chrome
     16    16.47      37.04       0.70   11836   1 chrome
     16    16.73      36.86       0.64   12068   1 chrome
     17    42.83      64.70      11.36   12132   1 chrome
     16    17.10      37.54       0.97   12220   1 chrome
     17    22.44      48.95       1.16   12272   1 chrome
     19    38.74      56.47      24.03   12444   1 chrome
     20    50.37      66.55       8.73   13056   1 chrome
     16    19.11      39.25       0.98   13212   1 chrome
     18    46.23      82.68       9.14   13328   1 chrome
     20    50.69      66.69       9.92   13600   1 chrome
     15     6.86      16.96       0.36   13636   1 chrome
     20    51.54      63.94       3.77   13988   1 chrome
     16    19.03      38.90       0.98   14008   1 chrome
     16    19.05      38.35       1.09   14228   1 chrome
     28    56.28      72.70      10.97   14232   1 chrome
     17    30.46      64.34       3.14   14340   1 chrome
     17    31.91      64.29       2.28   14356   1 chrome
     20    52.20      59.69       6.75   14532   1 chrome
     17    19.02      41.30       0.55   14912   1 chrome
     18    46.98      56.05       3.69   14948   1 chrome
     18    47.82      63.02      20.47   15048   1 chrome
     17    20.21      44.55       1.25   15064   1 chrome
     20    43.12      62.12       8.38   15164   1 chrome
     19    41.21      60.82       5.38   15220   1 chrome
     19    49.16      86.54       7.20   15312   1 chrome
     23    60.89      67.77      11.27   15980   1 chrome
     19    50.23      60.13      13.39   16292   1 chrome
     20    56.87     108.46      11.50   16372   1 chrome
     24   171.75     215.58      79.78   16504   1 chrome
     18    40.15      55.28       5.66   16880   1 chrome
     20    40.75      78.50       6.91   17068   1 chrome
     16    13.52      30.32       0.09   17124   1 chrome
     21    64.25     113.44      26.06   17376   1 chrome
     12     9.94      25.61       0.05     572   1 Code
     16    11.76      38.89       2.28    1736   1 Code
     41    50.27      88.81      44.64    6040   1 Code
     13    20.97      66.30       0.94    6288   1 Code
     18    62.05      96.66      66.47    6632   1 Code
     12    19.15      68.78       0.55    6940   1 Code
     12    52.05      84.41       5.00    7156   1 Code
     39   105.23     101.56      18.47    7208   1 Code
     21   174.85     191.88     111.86   12104   1 Code
     24    94.20     117.94      18.75   12928   1 Code
     14    28.78      73.90       1.67   14824   1 Code
     13     2.44       4.68      30.25    3320   1 Collector
     13     7.66      15.79       3.89    3456   1 conhost
      7     6.09       4.81       0.00    5312   0 conhost
      7     6.20       6.33       0.02    5488   1 conhost
      7     6.16       5.35       0.09    6280   1 conhost
     14     8.19      15.12       7.38   10088   1 conhost
      7     6.17       5.44       0.12   11556   1 conhost
     14     7.68      20.62       2.97   15856   1 conhost
     23     8.75      19.16      17.00   13612   1 CoreSync
     49    28.04      71.80     119.81    4436   1 Creative Cloud
     23     6.26      22.94      11.78   12428   1 Creative Cloud Helper
     25     1.87       4.41       0.00     676   0 csrss
     42     3.01       6.80       0.00     776   1 csrss
     31    38.20      82.71      91.42    7320   1 ctfmon
     18     4.27      11.61       0.00    3176   0 dasHost
      9     2.39       6.26       0.00   15072   0 DbxSvc
      6     1.33       4.18       0.23     700   1 dptf_helper
     15     3.13      12.99       0.11    4196   1 Dropbox
     14     2.59       9.81       0.05   14180   1 Dropbox
    149   213.05     178.69      74.03   14612   1 Dropbox
     14     2.00       1.80       0.00    3084   0 DropboxUpdate
     52   104.71      80.43       0.00    1232   1 dwm
      8     1.73       6.08       0.00    4180   0 esif_uf
    161   152.46     424.60     190.59    7632   1 explorer
      9     5.44      12.24       0.00       8   1 fontdrvhost
      5     1.99       3.16       0.00     752   0 fontdrvhost
     11     1.75       1.46       0.00    9432   0 GoogleCrashHandler
     10     1.82       1.32       0.00    9676   0 GoogleCrashHandler64
      0     0.06       0.01       0.00       0   0 Idle
     10     1.70       8.42       0.00    1632   0 igfxCUIService
     15     3.57      12.98       0.69    3216   1 igfxEM
      8     1.34       6.86       0.00    1668   0 IntelCpHDCPSvc
      7     1.37       6.61       0.00    1988   0 IntelCpHeciSvc
      8     1.26       6.01       0.00    5008   0 jhi_service
     27    15.41      49.04       1.75    9772   1 LockApp
     13     4.27       9.79      11.25   10984   1 LogMeTT
      7     1.01       2.81       0.00     920   0 LsaIso
     27     8.09      21.10       0.00     928   0 lsass
      0     1.97     732.69       0.00    2940   0 Memory Compression
     44    50.68      54.06       4.56   11756   1 Microsoft.Photos
      7     1.86       6.53       0.00   12784   0 MpCopyAccelerator
     85   335.24     224.50       0.00    4396   0 MsMpEng
     14     6.09      11.95       0.00    5432   0 NisSrv
    138    50.80      49.61      19.12    5496   1 node
     46    47.11      59.66      41.17   10404   1 node
     32    41.41      39.29       0.00    4244   0 OneApp.IGCC.WinService
     47    40.98      65.46      15.39   10448   1 OneDrive
     70    51.34      90.52       5.91     416   1 pwsh
     66    48.78      57.79       4.39   13000   1 pwsh
     69    55.25     104.84       5.98   18076   1 pwsh
     29    32.62      34.44       1.22    4264   1 QtWebEngineProcess
     34    42.24      49.40       3.20   16308   1 QtWebEngineProcess
     21    12.61      40.61       0.00     108   0 Registry
     20    97.86      15.89       3.75   16244   1 ruby
     12     2.83      18.40       0.23    2424   1 RuntimeBroker
     12     2.85      18.43       0.20    4916   1 RuntimeBroker
     15     4.83      16.82       0.28    6004   1 RuntimeBroker
     23     8.46      28.53       7.42    6140   1 RuntimeBroker
     12     2.64      13.03       0.19    6920   1 RuntimeBroker
     20    13.67      35.23       4.09    8772   1 RuntimeBroker
     20     4.73      25.46       0.69    8928   1 RuntimeBroker
     18     6.55      25.40       3.97    8956   1 RuntimeBroker
     24     9.53      33.42       2.69    9844   1 RuntimeBroker
     15     4.01      17.42       6.72   10620   1 RuntimeBroker
      8     1.52       7.86       0.03   14864   1 RuntimeBroker
     91   101.12      92.15      15.06    9148   1 SearchApp
     74    44.91      56.79       0.00    7756   0 SearchIndexer
      0     0.18      38.21       0.00      56   0 Secure System
     15     3.55      13.22       0.00    2680   0 SecurityHealthService
      9     1.73       8.97       0.11    1088   1 SecurityHealthSystray
     11     5.64       8.76       0.00     900   0 services
     19     4.95       6.61       2.06    9724   1 SettingSyncHost
      7     7.77       8.09       0.00    3812   0 SgrmBroker
     28    15.16      52.52       1.05    7812   1 ShellExperienceHost
     18     6.17      25.27       8.19    1472   1 sihost
      3     1.05       1.06       0.00     460   0 smss
     22     5.38      13.41       0.00    3904   0 spoolsv
      9     1.79       7.37       0.00    4380   0 sqlwriter
    821     2.65       8.25       0.28    4896   1 ssh
      7     1.46       4.88       0.00    4372   0 ssh-agent
     10     2.15       6.47       0.00    4364   0 sshd
     30    27.14      66.39       3.05    8848   1 StartMenuExperienceHost
     26    12.89      32.21       0.00     584   0 svchost
     20     4.78      19.75       0.00     688   0 svchost
     21    10.84      16.06       0.00    1096   0 svchost
     13     2.77       9.89       0.00    1144   0 svchost
     15     3.88      10.75       0.00    1344   0 svchost
      7     1.23       4.93       0.00    1356   0 svchost
     13     1.66       6.84       0.00    1376   0 svchost
      9     1.53      10.11       0.00    1400   0 svchost
     19     2.52      10.40       0.00    1408   0 svchost
     13     2.45       9.61       0.00    1432   0 svchost
      8     1.11       5.06       0.00    1544   0 svchost
      9     2.12      11.11       0.00    1612   0 svchost
     11     2.62       7.91       0.00    1680   0 svchost
     13     2.01       6.09       0.00    1704   0 svchost
      9     1.89       6.85       0.00    1716   0 svchost
     12     2.24      10.50       0.00    1756   0 svchost
     15     2.15       9.02       0.00    1836   0 svchost
     12     2.92      11.59       0.00    1868   0 svchost
     14    14.75      14.44       0.00    1980   0 svchost
     15    10.68      17.03       0.00    2036   0 svchost
     29     7.58      10.16       0.00    2116   0 svchost
     11     2.56       7.46       0.00    2212   0 svchost
     23     8.39      33.77       2.92    2220   1 svchost
     16     5.44      12.51       0.00    2348   0 svchost
     17     6.00      14.58       0.00    2428   0 svchost
     10     1.87       9.25       0.00    2440   0 svchost
     12     3.09       8.93       0.00    2496   0 svchost
     13     5.96      12.98       0.00    2596   0 svchost
      7     1.28       5.61       0.00    2604   0 svchost
     12     3.01      13.71       0.00    2612   0 svchost
      9     1.58       6.62       0.00    2708   0 svchost
     10     2.42      11.05       0.00    2740   0 svchost
      9     1.74       7.17       0.00    2744   0 svchost
     12     3.84      11.23       0.00    2812   0 svchost
     10     2.10       9.59       0.00    2848   0 svchost
     10     2.04       7.20       0.00    2928   0 svchost
     10     2.59      10.47       0.00    3008   0 svchost
     14     3.98       8.66       0.00    3096   0 svchost
      8     1.41       6.45       0.00    3128   0 svchost
     32    16.99      21.70       0.00    3192   0 svchost
     26     4.14      13.18       0.00    3228   0 svchost
     11     1.63       6.19       0.00    3284   0 svchost
     16     3.07       9.56       0.00    3292   0 svchost
      9     1.55       6.98       0.00    3356   0 svchost
      7     1.46       5.74       0.00    3468   0 svchost
     13     2.29      10.04       0.00    3540   0 svchost
      9     8.13      15.81       0.00    3564   0 svchost
     15    10.62       9.24       0.00    3580   0 svchost
     10     1.83       7.70       0.00    3588   0 svchost
     22     6.46      17.34       0.00    3660   0 svchost
     13     2.19      11.78       0.00    3692   0 svchost
     11     2.04       7.62       0.00    3744   0 svchost
     14     2.19       8.41       0.00    3804   0 svchost
     24     2.81       8.60       0.00    3840   0 svchost
     16     3.91      22.67       1.61    3900   1 svchost
     28    21.07      37.07       0.00    4124   0 svchost
     28    46.77      37.04       0.00    4136   0 svchost
     17     3.02      10.17       0.00    4304   0 svchost
      9     1.47       6.57       0.00    4312   0 svchost
      7     1.23       5.42       0.00    4404   0 svchost
      9     1.54       6.09       0.00    4412   0 svchost
     18     4.38      19.12       0.00    4420   0 svchost
      7     1.22       5.04       0.00    4596   0 svchost
     11     2.21       8.73       0.00    4728   0 svchost
     24     3.41      11.58       0.00    4992   0 svchost
     15     2.74       8.39       0.00    5724   0 svchost
     20    13.00      26.69      11.91    5832   1 svchost
     12     3.51      15.20       0.00    6284   0 svchost
     19     6.10      16.79       0.00    6536   0 svchost
     12     4.48      13.63       0.00    6576   0 svchost
     12     2.85      11.16       0.00    6772   0 svchost
      8     1.43       6.56       0.00    6832   0 svchost
      8     1.58       7.11       0.00    7188   0 svchost
      9     1.71       7.50       0.00    7276   0 svchost
     24     5.42      19.29       0.00    7504   0 svchost
     11     2.12       8.13       0.00    7624   0 svchost
     11     2.04       8.98       0.00    7956   0 svchost
     12     2.32      10.21       0.00    8012   0 svchost
     14     5.93       9.05       0.00    8112   0 svchost
     15     3.61      13.46       0.00    8632   0 svchost
     11     2.37       9.43       0.00    8940   0 svchost
      7     1.09       5.46       0.00    9088   0 svchost
     11     2.41      10.53       0.00   12544   0 svchost
     12     4.80      10.07       0.00   12856   0 svchost
      8     1.52       7.98       0.00   14176   0 svchost
     14     3.21      10.91       0.00   14628   0 svchost
     25     5.33      19.98       0.94   14692   1 svchost
      7     1.31       6.64       0.00   15764   0 svchost
     12     2.67      12.42       0.00   18264   0 svchost
      0     0.20       4.98       0.00       4   0 System
     47    25.28       1.92       1.47    6232   1 SystemSettings
     28     6.19      15.95       1.33    6760   1 taskhostw
     37    32.31      81.72      41.77   10044   1 TextInputHost
     11     2.03       9.65       0.09   10360   1 ttpmenu
      8     1.51       7.42       0.00    5400   0 unsecapp
     10     2.12       9.20       0.17    6240   1 UserOOBEBroker
      8    12.55       5.38       0.03    8076   1 vagrant
      4     1.11       6.90       0.17     244   1 VBoxHeadless
      4     1.95       4.80       0.20    2864   1 VBoxHeadless
     36 1,121.17   1,031.41   2,641.36   15604   1 VBoxHeadless
     10     2.00       9.62       0.00   14120   0 VBoxSDS
     17     9.25      19.32     108.09   10720   1 VBoxSVC
     22    70.94      60.09      20.58    9704   1 VirtualBox
      8     1.78       9.18       0.00    5696   0 vmcompute
     23    39.50      29.30       0.00    2124   0 vmms
     11     1.42       6.10       0.00     760   0 wininit
     12     2.73      10.91       0.00     856   1 winlogon
      8     1.44       7.23       0.00    5304   0 wlanext
     14     3.91      11.62       0.00     608   0 WUDFHost
     49    31.90      57.74       2.66    9468   1 YourPhone

