
[32;1m NPM(K)    PM(M)      WS(M)     CPU(s)      Id  SI ProcessName[0m
[32;1m ------    -----      -----     ------      --  -- -----------[0m
     22     9.11       9.59       0.28    3048   1 AcrobatNotificationClient
     23     9.13      13.77       0.36   15084   1 AcrobatNotificationClient
     18     4.24      14.73       0.27    6756   1 acrotray
     25    11.67      26.32      12.03   11472   1 Adobe CEF Helper
     31    47.07      85.81     241.53   11484   1 Adobe CEF Helper
     30    39.34      53.00      13.81   11492   1 Adobe CEF Helper
     24    13.01      26.11       4.38   13440   1 Adobe CEF Helper
     88    98.45      68.01      46.72   11352   1 Adobe Desktop Service
     16     4.14      12.02       0.83   11008   1 AdobeCollabSync
     20     6.39      14.45      42.38   11044   1 AdobeCollabSync
     15     4.13      11.91       0.95   11140   1 AdobeCollabSync
     20     6.41      15.40      43.05   11176   1 AdobeCollabSync
     21     5.21      11.63      19.48    7764   1 AdobeIPCBroker
     23     8.86       4.53       0.30    3592   1 AdobeNotificationClient
     14     2.70       9.20       0.00    3936   0 AdobeUpdateService
     14     3.92      12.21       0.00    3912   0 AGMService
     13     3.96      12.34       0.00    3932   0 AGSService
     19     9.09      24.35       0.12    1604   1 ApplicationFrameHost
      8     1.61       6.09       0.00    3612   0 armsvc
      4     0.61       2.71       0.02   13072   1 CCLibrary
      4     0.62       2.61       0.00    4548   1 CCXProcess
     19    48.45      57.86       4.14     952   1 chrome
     20    53.41      66.69       6.44    1160   1 chrome
     16    20.85      45.93      20.28    2064   1 chrome
     23   162.37     202.86      61.52    2080   1 chrome
     18    21.24      47.10       0.58    2700   1 chrome
     19    30.29      56.07       3.34    2716   1 chrome
     23    67.79      69.91      41.31    2964   1 chrome
     16    13.76      30.91       0.09    3092   1 chrome
     17    32.00      47.92       2.81    3312   1 chrome
     18    39.95      71.79       6.16    3676   1 chrome
     20    50.22      61.59       4.92    3864   1 chrome
     18    40.86      74.41       5.64    4144   1 chrome
     17    44.91      76.85      13.53    4212   1 chrome
     78   653.64     402.25     403.58    4344   1 chrome
     19    33.79      76.95       9.30    4456   1 chrome
     16    18.93      38.43       1.03    4652   1 chrome
      9     2.15       6.83       0.27    4744   1 chrome
     18    53.99      59.65      27.77    4760   1 chrome
     18    62.46      95.40      13.52    5560   1 chrome
     24    35.54      54.96     123.69    5740   1 chrome
     16    18.89      39.59       0.73    5892   1 chrome
     18    46.94      83.21       3.58    5980   1 chrome
     16    19.26      38.64       1.05    6356   1 chrome
    142   277.15     296.15     772.17    6380   1 chrome
     16    19.05      38.62       0.89    6384   1 chrome
     18    30.00      70.84       7.05    6652   1 chrome
     16    18.93      39.40       0.97    6864   1 chrome
     21   147.19     186.68      75.78    7200   1 chrome
     19    55.45      62.25       4.58    7456   1 chrome
     16    19.09      39.89       1.03    7496   1 chrome
     18    39.12      66.51       5.38    7724   1 chrome
     13    10.60      18.69      13.53    7732   1 chrome
     22    98.39     146.94     224.80    7776   1 chrome
     19    57.22      66.72     124.38    8716   1 chrome
     20    48.24      63.14       3.12    8984   1 chrome
     16    20.25      39.93       1.14    9056   1 chrome
     19    46.29      64.04       6.09    9188   1 chrome
     21    64.16      67.62      14.53    9664   1 chrome
     16    21.05      38.79       1.12   10148   1 chrome
     17    25.02      56.08       1.75   10332   1 chrome
     19    85.52     116.52      65.47   11000   1 chrome
     16    20.45      42.19       1.69   11084   1 chrome
     19    55.22      92.38      23.06   11368   1 chrome
     19    39.03      55.83       3.44   11404   1 chrome
     16    16.52      37.05       0.86   11416   1 chrome
     16    18.68      39.52       1.59   11512   1 chrome
     17    17.44      41.00       0.89   11564   1 chrome
     17    32.87      62.24       8.64   11660   1 chrome
     17   139.27      45.48      11.83   11716   1 chrome
     16    16.50      37.05       0.70   11836   1 chrome
     16    16.75      36.88       0.64   12068   1 chrome
     17    42.98      64.56      11.33   12132   1 chrome
     16    17.12      37.55       0.97   12220   1 chrome
     17    22.37      48.84       1.16   12272   1 chrome
     19    38.77      56.49      24.02   12444   1 chrome
     20    50.40      66.56       8.73   13056   1 chrome
     16    19.14      39.26       0.98   13212   1 chrome
     18    46.25      82.67       9.14   13328   1 chrome
     20    50.72      66.70       9.91   13600   1 chrome
     16     6.92      16.98       0.30   13636   1 chrome
     20    51.57      63.96       3.77   13988   1 chrome
     16    19.06      38.92       0.98   14008   1 chrome
     16    19.08      38.36       1.08   14228   1 chrome
     28    56.31      72.72      10.95   14232   1 chrome
     18    30.49      64.36       3.14   14340   1 chrome
     18    31.93      64.30       2.28   14356   1 chrome
     20    52.23      59.69       6.73   14532   1 chrome
     17    19.05      41.32       0.55   14912   1 chrome
     18    47.01      56.03       3.67   14948   1 chrome
     18    47.85      63.04      20.45   15048   1 chrome
     17    20.24      44.57       1.25   15064   1 chrome
     20    43.15      62.13       8.38   15164   1 chrome
     19    41.24      60.84       5.36   15220   1 chrome
     20    49.20      86.55       7.20   15312   1 chrome
     23    60.91      67.78      11.27   15980   1 chrome
     19    50.26      60.14      13.39   16292   1 chrome
     20    56.90     108.46      11.50   16372   1 chrome
     24   170.04     213.41      79.11   16504   1 chrome
     18    40.18      55.29       5.62   16880   1 chrome
     20    40.78      78.51       6.91   17068   1 chrome
     21    64.28     114.03      25.08   17376   1 chrome
     12     9.96      25.62       0.05     572   1 Code
     17    11.80      38.91       2.25    1736   1 Code
     39    49.01      84.84      42.72    6040   1 Code
     13    21.00      66.24       0.94    6288   1 Code
     18    53.93      95.18      65.02    6632   1 Code
     12    19.18      68.78       0.55    6940   1 Code
     12    52.08      84.40       5.00    7156   1 Code
     39   105.30     101.24      18.23    7208   1 Code
     21   171.03     193.12     102.42   12104   1 Code
     24    79.53     102.82      16.69   12928   1 Code
     14    28.79      73.66       1.67   14824   1 Code
     14     2.51       4.71      29.84    3320   1 Collector
     14     7.70      15.80       3.89    3456   1 conhost
      7     6.11       4.82       0.00    5312   0 conhost
      7     6.23       6.34       0.02    5488   1 conhost
      7     6.19       5.37       0.08    6280   1 conhost
     14     8.22      15.13       7.38   10088   1 conhost
      7     6.20       5.45       0.12   11556   1 conhost
     14     7.66      20.60       2.58   15856   1 conhost
     23     8.75      19.16      16.83   13612   1 CoreSync
     49    28.10      71.82     118.95    4436   1 Creative Cloud
     23     6.29      22.95      11.64   12428   1 Creative Cloud Helper
     25     1.98       4.44       0.00     676   0 csrss
     42     3.05       6.80       0.00     776   1 csrss
     31    37.25      80.20      87.52    7320   1 ctfmon
     18     4.29      11.62       0.00    3176   0 dasHost
      9     2.43       6.28       0.00   15072   0 DbxSvc
      6     1.36       4.19       0.20     700   1 dptf_helper
     15     3.20      13.02       0.11    4196   1 Dropbox
     14     2.72       9.86       0.05   14180   1 Dropbox
    147   212.80     171.98      71.41   14612   1 Dropbox
     14     2.14       1.82       0.00    3084   0 DropboxUpdate
     52   104.11      79.73       0.00    1232   1 dwm
      8     1.79       6.11       0.00    4180   0 esif_uf
    163   146.42     415.33     186.55    7632   1 explorer
      9     5.47      12.25       0.00       8   1 fontdrvhost
      6     2.02       3.18       0.00     752   0 fontdrvhost
     11     1.82       1.52       0.00    9432   0 GoogleCrashHandler
     10     1.86       1.34       0.00    9676   0 GoogleCrashHandler64
      0     0.06       0.01       0.00       0   0 Idle
     10     1.75       8.44       0.00    1632   0 igfxCUIService
     15     3.59      12.99       0.69    3216   1 igfxEM
      8     1.36       6.87       0.00    1668   0 IntelCpHDCPSvc
      7     1.40       6.62       0.00    1988   0 IntelCpHeciSvc
      9     1.29       6.02       0.00    5008   0 jhi_service
     27    15.41      49.04       1.75    9772   1 LockApp
     13     4.36       9.82      11.25   10984   1 LogMeTT
      7     1.06       2.82       0.00     920   0 LsaIso
     27     8.08      21.05       0.00     928   0 lsass
      0     1.97     740.38       0.00    2940   0 Memory Compression
     44    50.68      55.48       4.56   11756   1 Microsoft.Photos
      7     1.88       6.55       0.00   12784   0 MpCopyAccelerator
     85   335.16     223.51       0.00    4396   0 MsMpEng
     14     5.95      11.84       0.00    5432   0 NisSrv
    138    50.55      48.51      18.53    5496   1 node
     46    47.11      59.65      40.80   10404   1 node
     32    41.41      39.28       0.00    4244   0 OneApp.IGCC.WinService
     47    40.98      65.44      15.39   10448   1 OneDrive
     70    51.34      90.52       5.89     416   1 pwsh
     66    48.77      57.74       4.39   13000   1 pwsh
     71    54.64     104.03       5.64   18076   1 pwsh
     29    32.69      33.43       1.22    4264   1 QtWebEngineProcess
     35    42.18      48.09       3.16   16308   1 QtWebEngineProcess
     21    12.59      40.55       0.00     108   0 Registry
     20    97.89      15.91       3.75   16244   1 ruby
     13     2.96      18.43       0.23    2424   1 RuntimeBroker
     12     2.92      18.45       0.20    4916   1 RuntimeBroker
     15     4.90      16.83       0.28    6004   1 RuntimeBroker
     23     8.54      28.43       7.38    6140   1 RuntimeBroker
     12     2.71      13.04       0.19    6920   1 RuntimeBroker
     22    14.04      38.20       4.09    8772   1 RuntimeBroker
     20     4.76      25.83       0.66    8928   1 RuntimeBroker
     18     6.48      25.39       3.97    8956   1 RuntimeBroker
     24     9.58      33.39       2.67    9844   1 RuntimeBroker
     15     4.01      17.42       6.72   10620   1 RuntimeBroker
     91   101.12      92.15      15.06    9148   1 SearchApp
     74    44.66      56.42       0.00    7756   0 SearchIndexer
      0     0.18      38.21       0.00      56   0 Secure System
     15     3.58      13.23       0.00    2680   0 SecurityHealthService
      9     1.75       8.98       0.11    1088   1 SecurityHealthSystray
     11     5.65       8.74       0.00     900   0 services
     19     4.95       7.01       2.06    9724   1 SettingSyncHost
      7     6.77       7.61       0.00    3812   0 SgrmBroker
     28    15.16      52.52       1.05    7812   1 ShellExperienceHost
     18     6.12      25.23       8.08    1472   1 sihost
      3     1.08       1.07       0.00     460   0 smss
     22     5.48      13.43       0.00    3904   0 spoolsv
     10     1.94       7.38       0.00    4380   0 sqlwriter
    821     2.68       8.27       0.28    4896   1 ssh
      7     1.48       4.89       0.00    4372   0 ssh-agent
     11     2.18       6.49       0.00    4364   0 sshd
     30    27.13      66.36       3.05    8848   1 StartMenuExperienceHost
     26    12.82      32.15       0.00     584   0 svchost
     20     4.66      19.69       0.00     688   0 svchost
     21    10.93      16.07       0.00    1096   0 svchost
     13     2.80       9.93       0.00    1144   0 svchost
     15     3.88      10.75       0.00    1344   0 svchost
      7     1.31       4.94       0.00    1356   0 svchost
     13     1.74       6.85       0.00    1376   0 svchost
      9     1.58      10.12       0.00    1400   0 svchost
     19     2.52      10.40       0.00    1408   0 svchost
     13     2.45       9.61       0.00    1432   0 svchost
      8     1.16       5.08       0.00    1544   0 svchost
      9     2.04      11.09       0.00    1612   0 svchost
     12     2.67       7.92       0.00    1680   0 svchost
     13     2.06       6.10       0.00    1704   0 svchost
      9     1.94       6.87       0.00    1716   0 svchost
     12     2.29      10.51       0.00    1756   0 svchost
     15     2.21       9.04       0.00    1836   0 svchost
     12     2.90      11.57       0.00    1868   0 svchost
     14    14.38      14.01       0.00    1980   0 svchost
     15    10.73      17.05       0.00    2036   0 svchost
     29     7.29       9.89       0.00    2116   0 svchost
     10     2.38       7.42       0.00    2212   0 svchost
     23     8.33      33.43       2.86    2220   1 svchost
     17     5.54      12.54       0.00    2348   0 svchost
     17     6.18      14.64       0.00    2428   0 svchost
     10     1.92       9.26       0.00    2440   0 svchost
     12     3.12       8.97       0.00    2496   0 svchost
     14     6.02      13.00       0.00    2596   0 svchost
      7     1.28       5.61       0.00    2604   0 svchost
     12     3.02      13.62       0.00    2612   0 svchost
      9     1.63       6.63       0.00    2708   0 svchost
     10     2.23       7.92       0.00    2740   0 svchost
      9     1.79       7.19       0.00    2744   0 svchost
     12     3.89      11.25       0.00    2812   0 svchost
     10     2.15       9.64       0.00    2848   0 svchost
     10     2.13       7.23       0.00    2928   0 svchost
     10     2.59      10.47       0.00    3008   0 svchost
     14     3.98       8.68       0.00    3096   0 svchost
      8     1.46       6.47       0.00    3128   0 svchost
     32    16.95      21.68       0.00    3192   0 svchost
     26     4.26      13.25       0.00    3228   0 svchost
     11     1.76       6.21       0.00    3284   0 svchost
     15     2.99       9.54       0.00    3292   0 svchost
      9     1.61       7.00       0.00    3356   0 svchost
      7     1.55       5.76       0.00    3468   0 svchost
     13     2.39      10.06       0.00    3540   0 svchost
     10     8.18      15.83       0.00    3564   0 svchost
     15    10.62       9.24       0.00    3580   0 svchost
     10     1.88       7.71       0.00    3588   0 svchost
     22     6.38      17.27       0.00    3660   0 svchost
     14     2.24      11.79       0.00    3692   0 svchost
     11     2.04       7.62       0.00    3744   0 svchost
     14     2.24       8.43       0.00    3804   0 svchost
     24     2.86       8.62       0.00    3840   0 svchost
     16     3.90      22.67       1.56    3900   1 svchost
     28    21.01      36.88       0.00    4124   0 svchost
     22    45.80      30.29       0.00    4136   0 svchost
     17     2.97      10.17       0.00    4304   0 svchost
      9     1.52       6.58       0.00    4312   0 svchost
      7     1.23       5.42       0.00    4404   0 svchost
      9     1.59       6.11       0.00    4412   0 svchost
     18     4.45      19.33       0.00    4420   0 svchost
      7     1.27       5.05       0.00    4596   0 svchost
     12     2.32       8.76       0.00    4728   0 svchost
     24     3.47      11.60       0.00    4992   0 svchost
     16     2.85       8.41       0.00    5724   0 svchost
     21    13.03      26.64      11.41    5832   1 svchost
     12     3.51      15.18       0.00    6284   0 svchost
     20     6.05      16.77       0.00    6536   0 svchost
     12     4.48      13.62       0.00    6576   0 svchost
     12     2.81      11.13       0.00    6772   0 svchost
      8     1.48       6.57       0.00    6832   0 svchost
      8     1.68       7.14       0.00    7188   0 svchost
      9     1.77       7.52       0.00    7276   0 svchost
     24     5.47      19.30       0.00    7504   0 svchost
     11     2.20       8.14       0.00    7624   0 svchost
     12     2.10       8.99       0.00    7956   0 svchost
     12     2.41      10.23       0.00    8012   0 svchost
     15     5.99       9.06       0.00    8112   0 svchost
     15     3.61      13.45       0.00    8632   0 svchost
     12     2.42       9.44       0.00    8940   0 svchost
      7     1.15       5.48       0.00    9088   0 svchost
     25     8.17      16.95       0.00    9936   0 svchost
     11     2.46      10.54       0.00   12544   0 svchost
     13     4.90      10.09       0.00   12856   0 svchost
     14     3.21      10.91       0.00   14628   0 svchost
     25     5.26      19.94       0.94   14692   1 svchost
      7     1.36       6.66       0.00   15764   0 svchost
      0     0.20       4.98       0.00       4   0 System
     47    25.28       1.92       1.47    6232   1 SystemSettings
     28     6.23      15.89       1.31    6760   1 taskhostw
     30    26.27      66.09      39.06   10044   1 TextInputHost
     12     2.10       9.67       0.09   10360   1 ttpmenu
      8     1.51       7.43       0.00    5400   0 unsecapp
     10     2.18       9.22       0.17    6240   1 UserOOBEBroker
      8    12.58       5.39       0.03    8076   1 vagrant
      4     1.14       6.91       0.17     244   1 VBoxHeadless
      4     1.98       4.82       0.20    2864   1 VBoxHeadless
     36 1,121.17   1,031.38   2,610.94   15604   1 VBoxHeadless
     10     2.03       9.64       0.00   14120   0 VBoxSDS
     18     9.30      19.35     108.09   10720   1 VBoxSVC
     22    70.95      60.09      20.14    9704   1 VirtualBox
      8     1.78       9.18       0.00    5696   0 vmcompute
     23    39.50      29.29       0.00    2124   0 vmms
     11     1.50       6.11       0.00     760   0 wininit
     13     2.73      10.91       0.00     856   1 winlogon
      8     1.46       7.24       0.00    5304   0 wlanext
     14     3.93      11.63       0.00     608   0 WUDFHost
     49    31.90      60.26       2.66    9468   1 YourPhone

